01/10/2022         2       149   5612.78
04/10/2022         4       265   9400.06
06/10/2022         2        89   4692.08
07/10/2022         1        66   1653.97
08/10/2022         3       152    7788.6
09/10/2022         2       114    3715.2
10/10/2022         1        47   2537.42
11/10/2022         3       139    7180.8
12/10/2022         2        76   6477.68
13/10/2022         2       128   6339.32
14/10/2022         2       128   4767.08
15/10/2022         2        88   5665.64
17/10/2022         2        99   5771.05
18/10/2022         1        35   1120.06
19/10/2022         1        64   2928.58
20/10/2022         1        30   3143.89
21/10/2022         3       199   8029.75
23/10/2022         1        42   3424.95
25/10/2022         4       210   10770.4
26/10/2022         1        32   1341.56
27/10/2022         1        78   2778.99
28/10/2022         2        72   5265.93
29/10/2022         1        52   2229.49
31/10/2022         6       317   14613.3
