                  EMPRESA COMERCIALIZADORA ABC S.A.
                        REPORTE DE VENTAS
=======================================================================
INGRESOS POR PRODUCTO
No.          CODIGO         PRECIO    CANTIDAD VENDIDA     MONTO RECAUDADO
001)         118050          20.99           8.64              181.35
002)         126218          16.74           5.23               29.18
003)         132999          50.30          10.38              261.06
004)         151641          19.74          23.10              228.00
005)         162581          12.15          13.75               55.69
006)         168505          53.52          17.37              464.82
007)         170844          33.00          11.79              194.53
008)         172692           4.83           5.60               27.05
009)         178097         541.76          13.50             3656.88
010)         179485          25.11          11.68              293.28
011)         182942          28.39           6.93              196.74
012)         200984          10.77           5.11               55.03
013)         204890          19.31           9.45              182.48
014)         219619          14.41           4.92               70.90
015)         244316          37.98          10.45              198.45
016)         248223          39.84           3.48              138.64
017)         283781          13.28           7.90              104.91
018)         308982          10.58           3.30               17.46
019)         311343         116.35          31.22              726.49
020)         317404          32.67           4.27               46.50
021)         336973          19.45           9.02              175.44
022)         342342          15.07          11.45              172.55
023)         374253          13.81           0.17                2.35
024)         374588          18.07           8.43              152.33
025)         387889         161.90          13.95             1129.25
026)         390920           5.64           3.60               20.30
027)         397718          33.96           2.09               35.49
028)         406688           5.62           3.36               18.88
029)         411461           5.25           6.89               36.17
030)         412041          29.86          22.47              335.48
031)         415932          15.36          12.28               94.31
032)         422763          13.85           6.44               89.19
033)         423073         350.22           4.04             1414.89
034)         428331          10.85          10.01              108.61
035)         434681          11.84          13.27               78.56
036)         444809          43.62           4.90              213.74
037)         455703          27.52          30.43              209.36
038)         459032          10.76           5.26               28.30
039)         462755           8.78           8.83               38.76
040)         469016          15.31           9.89              151.42
041)         485302           6.68           5.99               40.01
042)         499460          29.35           2.12               62.22
043)         501182          21.13           4.83              102.06
044)         511824          11.76           9.34               54.92
045)         520755          71.68           4.34              311.09
046)         565169           6.30          23.02               72.51
047)         582920          17.60           5.86               25.78
048)         588754           8.58           0.69                5.92
049)         613623          36.38          12.06              219.37
050)         620036         253.20          21.26             1345.76
051)         630286           8.73           5.06               44.17
052)         631403          50.84          13.13              333.76
053)         632129          24.29           5.29              128.49
054)         690039          32.37          11.92              128.62
055)         691890          84.02           6.81              286.09
056)         696000          81.60           6.17              251.74
057)         714788          28.59          24.48              233.29
058)         725312          14.47          10.94              158.30
059)         731238         200.10          23.26             1551.44
060)         734432         101.10          13.63              689.00
061)         734979          25.53           7.45              190.20
062)         744237          35.70          11.26              200.99
063)         748008           8.23           4.93               40.57
064)         748899          20.48          13.65              139.78
065)         753496          25.95           1.24               32.18
066)         778066          18.53           1.01               18.72
067)         788630          28.24           1.06               29.93
068)         793026          77.58          15.76              407.55
069)         825712          17.44           9.22              160.80
070)         826317           7.58           3.80               28.80
071)         874503           9.54           8.02               76.51
072)         874884           6.72          11.30               75.94
073)         880988          11.34           7.68               87.09
074)         882099          27.02           6.83               92.27
075)         891590          30.92           7.62              235.61
076)         900698          19.26           2.77               53.35
077)         923804           5.26           6.74               35.45
078)         925916           4.71           8.54               40.22
079)         927404          17.02          14.50              123.39
080)         942003           8.71           8.61               74.99
081)         948168          15.55           9.04              140.57
082)         961627          16.26           6.35              103.25
083)         961802          45.54           2.43              110.66
084)         992564          20.79           9.37              194.80
085)         994185          95.95           4.47              428.90
086)         997564          16.50           5.47               90.25
-----------------------------------------------------------------------
                                             TOTAL RECAUDADO: 20892.18
=======================================================================
GASTOS POR CLIENTE
NO.            DNI       TELEFONO       TOTAL GASTADO
001)       79475585      941241092         485.07
002)       45783712        8252118         571.63
003)       32821689      955248211         670.29
004)       83236386      946513105         735.48
005)       71378466      921051207         759.70
006)       62566305        8206363         766.55
007)       33713901        2339560         938.49
008)       71984468      935441620        1036.99
009)       57263719      988736554        1060.35
010)       81114108        5853087        1241.23
011)       17913944      967944433        1259.43
012)       79140840      876488179        1278.57
013)       46462527        5865695        1284.68
014)       48184351      884716679        1923.12
015)       76388967        8094909        2015.17
016)       29847168        6261108        2301.48
017)       91897732      954025615        4628.35
018)       33397650        3911397        6599.76
-----------------------------------------------------------------------
Cliente con mayor gasto: 33397650 - S/.6599.76
Cliente con menor gasto: 79475585 - S/.485.07
