01/10/2022         1       149   5612.78
04/10/2022         1       265   9400.06
06/10/2022         1        89   4692.08
07/10/2022         2        66   1653.97
08/10/2022         2       152   7788.60
09/10/2022         1       114   3715.20
10/10/2022        11        47   2537.42
11/10/2022         1       139   7180.80
12/10/2022         2        76   6477.68
13/10/2022         2       128   6339.32
14/10/2022         1       128   4767.08
15/10/2022         1        88   5665.64
17/10/2022         2        99   5771.05
18/10/2022         1        35   1120.06
19/10/2022         2        64   2928.58
20/10/2022         1        30   3143.89
21/10/2022         1       199   8029.75
23/10/2022         3        42   3424.95
25/10/2022         1       210  10770.42
26/10/2022         3        32   1341.56
27/10/2022         1        78   2778.99
28/10/2022         1        72   5265.93
29/10/2022         1        52   2229.49
31/10/2022         2       317  14613.33
