8/3/2022
10.5%      7.3%     5%
5673   5.5%
63   3.7%
16552775   12377960176666       B     4/01/1990
   56735640       43.62     5.43
   88075606     80.95   12.37
     29433597   63.3   6.53
       5689539   19.07     5.69
     880780786   4.83     11.77
   294377547   95.95   0.55
   5689983   24.29     9.03
       5673789   10.79   5.30
       880717735     8.71     2.12
0
20864087       107512639311   C   4/07/1988
     56738476       5.25       3.55
   5673789       10.79     3.51
     8807184     23.27     2.85
     56899356     19.45       5.36
       88077695     50.88       5.47
   88071299       45.54     8.22
   1133349       30.92       2.85
     11335275     65.12       10.77
0
29847168   661986261108       C   25/07/1998
   11334105     10.92   5.66
       880767181   12.05       9.70
     1133545     16.5     11.44
     8807370       23.28   2.23
0
31193794       21163986742314     B       25/08/1982
     8807537     6.72     4.57
   568921359       81.57     10.37
     5673990     6.1       5.77
0
33397650       717633911397   A   24/10/1999
   8807115     14.93     7.12
     568921359     81.57       5.66
     8807904       5.26     11.92
     294327094       28.24       6.69
   8807692     14.46     0.06
       5673789   10.79   9.94
       567354323       19.31       4.91
   567357625   72.25   5.45
       568946609     10.77       6.54
0
35584593       301516294058     D       10/05/1980
     88071299       45.54       6.33
     8807297   6.72   10.03
       294367630   21.13   1.89
     11336798   7.58   4.38
       568946609   10.77     5.10
       56737312       28.39   6.15
     11335848   13.51   8.46
0
43053402   30151917252545     A     24/11/1996
     56739302     10.89   7.21
       56897340   17.36       10.65
   113342656   25.95       12.20
     8807115     14.93       8.99
     113342656     25.95       10.70
   8807447   39.82     11.65
       2943688     7.76       8.46
     56895391       25.86   7.15
       880717081       8.73   9.34
0
54761731     12377951334343   D   14/01/1988
       29434078     25.53     3.56
     880780786       4.83     10.25
       1133270       5.38   12.12
0
57690875       22751889013091   C     1/07/1999
     8807881       11.36     3.59
     56737992       32.56       10.82
   11334755     4.4     9.72
     294359221       4.05   2.17
   1133234     25.11     12.20
     11338026   5.13   5.42
     5689746     26.76   10.43
0
67418025   771517663823       C       27/07/1982
       56895925   4.55       6.27
   56739302     10.89       0.14
   29431853     6.68       9.35
   1133870       50.49       3.85
   294336213   15.31     2.42
     1133234   25.11       6.02
     56735640   43.62     1.47
   11334105     10.92     1.51
     567357625   72.25       5.70
0
69975105     77151977523461       C   21/07/1981
       5673789       10.79     8.67
   1133349   30.92       10.90
0
71984468     21163935441620       C       6/10/1985
       294353951   71.68   5.06
       29431853       6.68     5.63
       56735467     5.62   6.02
     113394199   5.8       7.74
     294374083     11.34       7.86
     5689539       19.07       4.82
       1133234   25.11   1.74
     56899101       55.18   4.19
     113333324   9.47   0.93
     29436877       14.47       11.69
0
73786035       909516873908   D       24/11/1998
       56739302   10.89       5.68
       5689539   19.07   3.23
0
77642521       30151952902679     B       8/08/1981
   880780786     4.83     2.32
       880780786     4.83     10.73
     56735467     5.62   9.43
       294353609       15.07   2.17
     11334755     4.4     5.14
0
79464412       491633902394     C   16/04/1996
   567377677     18.19     3.44
       56897340       17.36     10.25
     88071465   8.58   7.80
     5689347       20.99     2.77
   8807139       18.07       11.22
       8807875       8.83       10.87
     1133897     40.8   6.14
       1133234       25.11     10.60
   880767181     12.05       2.72
   567354323       19.31       1.40
   8807139   18.07   6.73
0
79475585       71763941241092       D       28/01/1983
   29431853       6.68     6.66
   113332869       40.44       2.11
     5689148   6.88       3.35
       29432239       22.62   7.52
0
84165595       44598963178009       A       11/08/1992
     11334105   10.92   12.02
       880767181   12.05   7.11
     880779229   50.81     10.36
       294374083   11.34   5.88
       56892104     26.99     12.17
     1133780   9.66   7.26
     2943771       26.65   3.28
0
89298238       66198996727505       B   5/03/1980
       8807845       7.04       4.92
     11334755     4.4       6.32
       567311812   17.44     0.38
       294336213     15.31     10.03
       56892104       26.99       0.68
   294327094     28.24   3.18
   8807537     6.72     5.70
0
91897732       12377954025615     B   20/11/1981
     567357625       72.25       5.46
   568978278       161.29     1.89
       567339968     4.39     7.25
0
94326707   90951984185862   A   31/08/1991
     2943162       14.93       6.68
     56735866   56.07   10.63
     11336798       7.58     7.63
     567339968   4.39       9.44
       294378501     8.51       1.09
   8807723   6.88   11.39
     56737312       28.39       11.11
   1133349     30.92   2.72
       88076339   5.64   9.23
     294374083   11.34     11.07
       1133545     16.5       9.72
       568971522       8.56   3.01
0
96659352     44598985707065     A       17/09/1982
     880797725   25.15     1.73
     568921874       40.72     11.23
   880741686     33.22       8.40
     56735640   43.62   6.65
   8807875       8.83     7.14
       88075606   80.95     4.00
       2943639   5.88       6.15
       29432239     22.62   4.56
0
